76.66666666666667
56.0
77.66666666666667
53.666666666666664
86.33333333333333
57.333333333333336
66.0
73.33333333333333
51.666666666666664
60.333333333333336
44.666666666666664
59.0
61.333333333333336
59.0
73.66666666666667
74.33333333333333
65.0
80.0
78.0
66.33333333333333
51.333333333333336
97.33333333333333
76.0
59.333333333333336
56.666666666666664
49.666666666666664
63.666666666666664
85.66666666666667
76.0
80.66666666666667
62.0
70.33333333333333
55.0
74.33333333333333
52.0
73.66666666666667
38.333333333333336
74.0
48.0
62.666666666666664
43.0
73.0
45.0
68.0
50.333333333333336
55.666666666666664
55.666666666666664
28.333333333333332
79.0
67.0
66.98 62.08 62.46